"Drone mean charge","Drone max charge","Drone min charge","tick"
1.0,1.0,1.0,1.0
0.9986111111111111,0.9986111111111111,0.9986111111111111,3.0
0.9958333333333333,0.9958333333333333,0.9958333333333333,5.0
0.9930555555555556,0.9930555555555556,0.9930555555555556,7.0
0.9902777777777778,0.9902777777777778,0.9902777777777778,9.0
0.9875,0.9875,0.9875,11.0
0.9847222222222223,0.9847222222222223,0.9847222222222223,13.0
0.9819444444444445,0.9819444444444445,0.9819444444444445,15.0
0.9791666666666667,0.9791666666666667,0.9791666666666667,17.0
0.976388888888889,0.976388888888889,0.976388888888889,19.0
0.9736111111111112,0.9736111111111112,0.9736111111111112,21.0
0.9708333333333334,0.9708333333333334,0.9708333333333334,23.0
0.9680555555555557,0.9680555555555557,0.9680555555555557,25.0
0.9652777777777779,0.9652777777777779,0.9652777777777779,27.0
0.9625000000000001,0.9625000000000001,0.9625000000000001,29.0
0.9597222222222224,0.9597222222222224,0.9597222222222224,31.0
0.9569444444444446,0.9569444444444446,0.9569444444444446,33.0
0.9541666666666668,0.9541666666666668,0.9541666666666668,35.0
0.9513888888888891,0.9513888888888891,0.9513888888888891,37.0
0.9486111111111113,0.9486111111111113,0.9486111111111113,39.0
0.9458333333333335,0.9458333333333335,0.9458333333333335,41.0
0.9430555555555558,0.9430555555555558,0.9430555555555558,43.0
0.940277777777778,0.940277777777778,0.940277777777778,45.0
0.9375000000000002,0.9375000000000002,0.9375000000000002,47.0
0.9347222222222225,0.9347222222222225,0.9347222222222225,49.0
0.9319444444444447,0.9319444444444447,0.9319444444444447,51.0
0.9291666666666669,0.9291666666666669,0.9291666666666669,53.0
0.9263888888888892,0.9263888888888892,0.9263888888888892,55.0
0.9236111111111114,0.9236111111111114,0.9236111111111114,57.0
0.9208333333333336,0.9208333333333336,0.9208333333333336,59.0
0.9180555555555558,0.9180555555555558,0.9180555555555558,61.0
0.9152777777777781,0.9152777777777781,0.9152777777777781,63.0
0.9125000000000003,0.9125000000000003,0.9125000000000003,65.0
0.9097222222222225,0.9097222222222225,0.9097222222222225,67.0
0.9069444444444448,0.9069444444444448,0.9069444444444448,69.0
0.904166666666667,0.904166666666667,0.904166666666667,71.0
0.9013888888888892,0.9013888888888892,0.9013888888888892,73.0
0.8986111111111115,0.8986111111111115,0.8986111111111115,75.0
0.8958333333333337,0.8958333333333337,0.8958333333333337,77.0
0.8930555555555559,0.8930555555555559,0.8930555555555559,79.0
0.8902777777777782,0.8902777777777782,0.8902777777777782,81.0
0.8875000000000004,0.8875000000000004,0.8875000000000004,83.0
0.8847222222222226,0.8847222222222226,0.8847222222222226,85.0
0.8819444444444449,0.8819444444444449,0.8819444444444449,87.0
0.8791666666666671,0.8791666666666671,0.8791666666666671,89.0
0.8763888888888893,0.8763888888888893,0.8763888888888893,91.0
0.8736111111111116,0.8736111111111116,0.8736111111111116,93.0
0.8708333333333338,0.8708333333333338,0.8708333333333338,95.0
0.868055555555556,0.868055555555556,0.868055555555556,97.0
0.8652777777777783,0.8652777777777783,0.8652777777777783,99.0
0.8625000000000005,0.8625000000000005,0.8625000000000005,101.0
0.8597222222222227,0.8597222222222227,0.8597222222222227,103.0
0.856944444444445,0.856944444444445,0.856944444444445,105.0
0.8541666666666672,0.8541666666666672,0.8541666666666672,107.0
0.8513888888888894,0.8513888888888894,0.8513888888888894,109.0
0.8486111111111116,0.8486111111111116,0.8486111111111116,111.0
0.8458333333333339,0.8458333333333339,0.8458333333333339,113.0
0.8430555555555561,0.8430555555555561,0.8430555555555561,115.0
0.8402777777777783,0.8402777777777783,0.8402777777777783,117.0
0.8375000000000006,0.8375000000000006,0.8375000000000006,119.0
0.8347222222222228,0.8347222222222228,0.8347222222222228,121.0
0.831944444444445,0.831944444444445,0.831944444444445,123.0
0.8291666666666673,0.8291666666666673,0.8291666666666673,125.0
0.8263888888888895,0.8263888888888895,0.8263888888888895,127.0
0.8236111111111117,0.8236111111111117,0.8236111111111117,129.0
0.820833333333334,0.820833333333334,0.820833333333334,131.0
0.8180555555555562,0.8180555555555562,0.8180555555555562,133.0
0.8152777777777784,0.8152777777777784,0.8152777777777784,135.0
0.8125000000000007,0.8125000000000007,0.8125000000000007,137.0
0.8097222222222229,0.8097222222222229,0.8097222222222229,139.0
0.8069444444444451,0.8069444444444451,0.8069444444444451,141.0
0.8041666666666674,0.8041666666666674,0.8041666666666674,143.0
0.8013888888888896,0.8013888888888896,0.8013888888888896,145.0
0.7986111111111118,0.7986111111111118,0.7986111111111118,147.0
0.7958333333333341,0.7958333333333341,0.7958333333333341,149.0
0.7930555555555563,0.7930555555555563,0.7930555555555563,151.0
0.7902777777777785,0.7902777777777785,0.7902777777777785,153.0
0.7875000000000008,0.7875000000000008,0.7875000000000008,155.0
0.784722222222223,0.784722222222223,0.784722222222223,157.0
0.7819444444444452,0.7819444444444452,0.7819444444444452,159.0
0.7791666666666675,0.7791666666666675,0.7791666666666675,161.0
0.7763888888888897,0.7763888888888897,0.7763888888888897,163.0
0.7736111111111119,0.7736111111111119,0.7736111111111119,165.0
0.7708333333333341,0.7708333333333341,0.7708333333333341,167.0
0.7680555555555564,0.7680555555555564,0.7680555555555564,169.0
0.7652777777777786,0.7652777777777786,0.7652777777777786,171.0
0.7625000000000008,0.7625000000000008,0.7625000000000008,173.0
0.7597222222222231,0.7597222222222231,0.7597222222222231,175.0
0.7569444444444453,0.7569444444444453,0.7569444444444453,177.0
0.7541666666666675,0.7541666666666675,0.7541666666666675,179.0
0.7513888888888898,0.7513888888888898,0.7513888888888898,181.0
0.748611111111112,0.748611111111112,0.748611111111112,183.0
0.7458333333333342,0.7458333333333342,0.7458333333333342,185.0
0.7430555555555565,0.7430555555555565,0.7430555555555565,187.0
0.7402777777777787,0.7402777777777787,0.7402777777777787,189.0
0.7375000000000009,0.7375000000000009,0.7375000000000009,191.0
0.7347222222222232,0.7347222222222232,0.7347222222222232,193.0
0.7319444444444454,0.7319444444444454,0.7319444444444454,195.0
0.7291666666666676,0.7291666666666676,0.7291666666666676,197.0
0.7263888888888899,0.7263888888888899,0.7263888888888899,199.0
0.7236111111111121,0.7236111111111121,0.7236111111111121,201.0
0.7208333333333343,0.7208333333333343,0.7208333333333343,203.0
0.7180555555555566,0.7180555555555566,0.7180555555555566,205.0
0.7152777777777788,0.7152777777777788,0.7152777777777788,207.0
0.712500000000001,0.712500000000001,0.712500000000001,209.0
0.7097222222222233,0.7097222222222233,0.7097222222222233,211.0
0.7069444444444455,0.7069444444444455,0.7069444444444455,213.0
0.7041666666666677,0.7041666666666677,0.7041666666666677,215.0
0.70138888888889,0.70138888888889,0.70138888888889,217.0
0.6986111111111122,0.6986111111111122,0.6986111111111122,219.0
0.6958333333333344,0.6958333333333344,0.6958333333333344,221.0
0.6930555555555566,0.6930555555555566,0.6930555555555566,223.0
0.6902777777777789,0.6902777777777789,0.6902777777777789,225.0
0.6875000000000011,0.6875000000000011,0.6875000000000011,227.0
0.6847222222222233,0.6847222222222233,0.6847222222222233,229.0
0.6819444444444456,0.6819444444444456,0.6819444444444456,231.0
0.6791666666666678,0.6791666666666678,0.6791666666666678,233.0
0.67638888888889,0.67638888888889,0.67638888888889,235.0
0.6736111111111123,0.6736111111111123,0.6736111111111123,237.0
0.6708333333333345,0.6708333333333345,0.6708333333333345,239.0
0.6680555555555567,0.6680555555555567,0.6680555555555567,241.0
0.665277777777779,0.665277777777779,0.665277777777779,243.0
0.6625000000000012,0.6625000000000012,0.6625000000000012,245.0
0.6597222222222234,0.6597222222222234,0.6597222222222234,247.0
0.6569444444444457,0.6569444444444457,0.6569444444444457,249.0
0.6541666666666679,0.6541666666666679,0.6541666666666679,251.0
0.6513888888888901,0.6513888888888901,0.6513888888888901,253.0
0.6486111111111124,0.6486111111111124,0.6486111111111124,255.0
0.6458333333333346,0.6458333333333346,0.6458333333333346,257.0
0.6430555555555568,0.6430555555555568,0.6430555555555568,259.0
0.6402777777777791,0.6402777777777791,0.6402777777777791,261.0
0.6375000000000013,0.6375000000000013,0.6375000000000013,263.0
0.6347222222222235,0.6347222222222235,0.6347222222222235,265.0
0.6319444444444458,0.6319444444444458,0.6319444444444458,267.0
0.629166666666668,0.629166666666668,0.629166666666668,269.0
0.6263888888888902,0.6263888888888902,0.6263888888888902,271.0
0.6236111111111124,0.6236111111111124,0.6236111111111124,273.0
0.6208333333333347,0.6208333333333347,0.6208333333333347,275.0
0.6180555555555569,0.6180555555555569,0.6180555555555569,277.0
0.6152777777777791,0.6152777777777791,0.6152777777777791,279.0
0.6125000000000014,0.6125000000000014,0.6125000000000014,281.0
0.6097222222222236,0.6097222222222236,0.6097222222222236,283.0
0.6069444444444458,0.6069444444444458,0.6069444444444458,285.0
0.6041666666666681,0.6041666666666681,0.6041666666666681,287.0
0.6013888888888903,0.6013888888888903,0.6013888888888903,289.0
0.5986111111111125,0.5986111111111125,0.5986111111111125,291.0
0.5958333333333348,0.5958333333333348,0.5958333333333348,293.0
0.593055555555557,0.593055555555557,0.593055555555557,295.0
0.5902777777777792,0.5902777777777792,0.5902777777777792,297.0
0.5875000000000015,0.5875000000000015,0.5875000000000015,299.0
0.5847222222222237,0.5847222222222237,0.5847222222222237,301.0
0.5819444444444459,0.5819444444444459,0.5819444444444459,303.0
0.5791666666666682,0.5791666666666682,0.5791666666666682,305.0
0.5763888888888904,0.5763888888888904,0.5763888888888904,307.0
0.5736111111111126,0.5736111111111126,0.5736111111111126,309.0
0.5708333333333349,0.5708333333333349,0.5708333333333349,311.0
0.5680555555555571,0.5680555555555571,0.5680555555555571,313.0
0.5652777777777793,0.5652777777777793,0.5652777777777793,315.0
0.5625000000000016,0.5625000000000016,0.5625000000000016,317.0
0.5597222222222238,0.5597222222222238,0.5597222222222238,319.0
0.556944444444446,0.556944444444446,0.556944444444446,321.0
0.5541666666666683,0.5541666666666683,0.5541666666666683,323.0
0.5513888888888905,0.5513888888888905,0.5513888888888905,325.0
0.5486111111111127,0.5486111111111127,0.5486111111111127,327.0
0.545833333333335,0.545833333333335,0.545833333333335,329.0
0.5430555555555572,0.5430555555555572,0.5430555555555572,331.0
0.5402777777777794,0.5402777777777794,0.5402777777777794,333.0
0.5375000000000016,0.5375000000000016,0.5375000000000016,335.0
0.5347222222222239,0.5347222222222239,0.5347222222222239,337.0
0.5319444444444461,0.5319444444444461,0.5319444444444461,339.0
0.5291666666666683,0.5291666666666683,0.5291666666666683,341.0
0.5263888888888906,0.5263888888888906,0.5263888888888906,343.0
0.5236111111111128,0.5236111111111128,0.5236111111111128,345.0
0.520833333333335,0.520833333333335,0.520833333333335,347.0
0.5180555555555573,0.5180555555555573,0.5180555555555573,349.0
0.5152777777777795,0.5152777777777795,0.5152777777777795,351.0
0.5125000000000017,0.5125000000000017,0.5125000000000017,353.0
0.509722222222224,0.509722222222224,0.509722222222224,355.0
0.5069444444444462,0.5069444444444462,0.5069444444444462,357.0
0.5041666666666684,0.5041666666666684,0.5041666666666684,359.0
0.5013888888888907,0.5013888888888907,0.5013888888888907,361.0
0.4986111111111129,0.4986111111111129,0.4986111111111129,363.0
0.4958333333333351,0.4958333333333351,0.4958333333333351,365.0
0.49305555555555736,0.49305555555555736,0.49305555555555736,367.0
0.4902777777777796,0.4902777777777796,0.4902777777777796,369.0
0.4875000000000018,0.4875000000000018,0.4875000000000018,371.0
0.48472222222222405,0.48472222222222405,0.48472222222222405,373.0
0.4819444444444463,0.4819444444444463,0.4819444444444463,375.0
0.4791666666666685,0.4791666666666685,0.4791666666666685,377.0
0.47638888888889075,0.47638888888889075,0.47638888888889075,379.0
0.473611111111113,0.473611111111113,0.473611111111113,381.0
0.4708333333333352,0.4708333333333352,0.4708333333333352,383.0
0.46805555555555745,0.46805555555555745,0.46805555555555745,385.0
0.4652777777777797,0.4652777777777797,0.4652777777777797,387.0
0.4625000000000019,0.4625000000000019,0.4625000000000019,389.0
0.45972222222222414,0.45972222222222414,0.45972222222222414,391.0
0.4569444444444464,0.4569444444444464,0.4569444444444464,393.0
0.4541666666666686,0.4541666666666686,0.4541666666666686,395.0
0.45138888888889084,0.45138888888889084,0.45138888888889084,397.0
0.44861111111111307,0.44861111111111307,0.44861111111111307,399.0
0.4458333333333353,0.4458333333333353,0.4458333333333353,401.0
0.44305555555555753,0.44305555555555753,0.44305555555555753,403.0
0.44027777777777977,0.44027777777777977,0.44027777777777977,405.0
0.437500000000002,0.437500000000002,0.437500000000002,407.0
0.43472222222222423,0.43472222222222423,0.43472222222222423,409.0
0.43194444444444646,0.43194444444444646,0.43194444444444646,411.0
0.4291666666666687,0.4291666666666687,0.4291666666666687,413.0
0.4263888888888909,0.4263888888888909,0.4263888888888909,415.0
0.42361111111111316,0.42361111111111316,0.42361111111111316,417.0
0.4208333333333354,0.4208333333333354,0.4208333333333354,419.0
0.4180555555555576,0.4180555555555576,0.4180555555555576,421.0
0.41527777777777986,0.41527777777777986,0.41527777777777986,423.0
0.4125000000000021,0.4125000000000021,0.4125000000000021,425.0
0.4097222222222243,0.4097222222222243,0.4097222222222243,427.0
0.40694444444444655,0.40694444444444655,0.40694444444444655,429.0
0.4041666666666688,0.4041666666666688,0.4041666666666688,431.0
0.401388888888891,0.401388888888891,0.401388888888891,433.0
0.39861111111111325,0.39861111111111325,0.39861111111111325,435.0
0.3958333333333355,0.3958333333333355,0.3958333333333355,437.0
0.3930555555555577,0.3930555555555577,0.3930555555555577,439.0
0.39027777777777994,0.39027777777777994,0.39027777777777994,441.0
0.3875000000000022,0.3875000000000022,0.3875000000000022,443.0
0.3847222222222244,0.3847222222222244,0.3847222222222244,445.0
0.38194444444444664,0.38194444444444664,0.38194444444444664,447.0
0.3791666666666689,0.3791666666666689,0.3791666666666689,449.0
0.3763888888888911,0.3763888888888911,0.3763888888888911,451.0
0.37361111111111334,0.37361111111111334,0.37361111111111334,453.0
0.37083333333333557,0.37083333333333557,0.37083333333333557,455.0
0.3680555555555578,0.3680555555555578,0.3680555555555578,457.0
0.36527777777778003,0.36527777777778003,0.36527777777778003,459.0
0.36250000000000226,0.36250000000000226,0.36250000000000226,461.0
0.3597222222222245,0.3597222222222245,0.3597222222222245,463.0
0.35694444444444673,0.35694444444444673,0.35694444444444673,465.0
0.35416666666666896,0.35416666666666896,0.35416666666666896,467.0
0.3513888888888912,0.3513888888888912,0.3513888888888912,469.0
0.3486111111111134,0.3486111111111134,0.3486111111111134,471.0
0.34583333333333566,0.34583333333333566,0.34583333333333566,473.0
0.3430555555555579,0.3430555555555579,0.3430555555555579,475.0
0.3402777777777801,0.3402777777777801,0.3402777777777801,477.0
0.33750000000000235,0.33750000000000235,0.33750000000000235,479.0
0.3347222222222246,0.3347222222222246,0.3347222222222246,481.0
0.3319444444444468,0.3319444444444468,0.3319444444444468,483.0
0.32916666666666905,0.32916666666666905,0.32916666666666905,485.0
0.3263888888888913,0.3263888888888913,0.3263888888888913,487.0
0.3236111111111135,0.3236111111111135,0.3236111111111135,489.0
0.32083333333333575,0.32083333333333575,0.32083333333333575,491.0
0.318055555555558,0.318055555555558,0.318055555555558,493.0
0.3152777777777802,0.3152777777777802,0.3152777777777802,495.0
0.31250000000000244,0.31250000000000244,0.31250000000000244,497.0
0.3097222222222247,0.3097222222222247,0.3097222222222247,499.0
0.3069444444444469,0.3069444444444469,0.3069444444444469,501.0
0.30416666666666914,0.30416666666666914,0.30416666666666914,503.0
0.30138888888889137,0.30138888888889137,0.30138888888889137,505.0
0.2986111111111136,0.2986111111111136,0.2986111111111136,507.0
0.29583333333333584,0.29583333333333584,0.29583333333333584,509.0
0.29305555555555807,0.29305555555555807,0.29305555555555807,511.0
0.2902777777777803,0.2902777777777803,0.2902777777777803,513.0
0.28750000000000253,0.28750000000000253,0.28750000000000253,515.0
0.28472222222222476,0.28472222222222476,0.28472222222222476,517.0
0.281944444444447,0.281944444444447,0.281944444444447,519.0
0.2791666666666692,0.2791666666666692,0.2791666666666692,521.0
0.27638888888889146,0.27638888888889146,0.27638888888889146,523.0
0.2736111111111137,0.2736111111111137,0.2736111111111137,525.0
0.2708333333333359,0.2708333333333359,0.2708333333333359,527.0
0.26805555555555816,0.26805555555555816,0.26805555555555816,529.0
0.2652777777777804,0.2652777777777804,0.2652777777777804,531.0
0.2625000000000026,0.2625000000000026,0.2625000000000026,533.0
0.25972222222222485,0.25972222222222485,0.25972222222222485,535.0
0.2569444444444471,0.2569444444444471,0.2569444444444471,537.0
0.2541666666666693,0.2541666666666693,0.2541666666666693,539.0
0.25138888888889155,0.25138888888889155,0.25138888888889155,541.0
0.24861111111111378,0.24861111111111378,0.24861111111111378,543.0
0.245833333333336,0.245833333333336,0.245833333333336,545.0
0.24305555555555824,0.24305555555555824,0.24305555555555824,547.0
0.24027777777778048,0.24027777777778048,0.24027777777778048,549.0
0.2375000000000027,0.2375000000000027,0.2375000000000027,551.0
0.23472222222222494,0.23472222222222494,0.23472222222222494,553.0
0.23194444444444717,0.23194444444444717,0.23194444444444717,555.0
0.2291666666666694,0.2291666666666694,0.2291666666666694,557.0
0.22638888888889164,0.22638888888889164,0.22638888888889164,559.0
0.22361111111111387,0.22361111111111387,0.22361111111111387,561.0
0.22129629629629907,0.22222222222222499,0.2208333333333361,563.0
0.2199074074074102,0.22222222222222499,0.21805555555555833,565.0
0.21898148148148425,0.22222222222222499,0.21527777777778057,567.0
0.21805555555555833,0.22222222222222499,0.2125000000000028,569.0
0.21712962962963242,0.22222222222222499,0.20972222222222503,571.0
0.21620370370370648,0.22222222222222499,0.20694444444444726,573.0
0.21527777777778057,0.22222222222222499,0.2041666666666695,575.0
0.21435185185185465,0.22222222222222499,0.20138888888889173,577.0
0.2134259259259287,0.22222222222222499,0.19861111111111396,579.0
0.2125000000000028,0.22222222222222499,0.1958333333333362,581.0
0.21157407407407688,0.22222222222222499,0.19305555555555842,583.0
0.21064814814815094,0.22222222222222499,0.19027777777778065,585.0
0.20972222222222503,0.22222222222222499,0.1875000000000029,587.0
0.20972222222222503,0.22222222222222499,0.1875000000000029,589.0
0.20972222222222503,0.22222222222222499,0.1875000000000029,591.0
0.20972222222222503,0.22222222222222499,0.1875000000000029,593.0
0.20972222222222503,0.22222222222222499,0.1875000000000029,595.0
0.20972222222222503,0.22222222222222499,0.1875000000000029,597.0
0.20972222222222503,0.22222222222222499,0.1875000000000029,599.0
0.20972222222222503,0.22222222222222499,0.1875000000000029,601.0
0.20972222222222503,0.22222222222222499,0.1875000000000029,603.0
0.20972222222222503,0.22222222222222499,0.1875000000000029,605.0
0.20972222222222503,0.22222222222222499,0.1875000000000029,607.0
0.20972222222222503,0.22222222222222499,0.1875000000000029,609.0
0.20972222222222503,0.22222222222222499,0.1875000000000029,611.0
0.20972222222222503,0.22222222222222499,0.1875000000000029,613.0
0.20972222222222503,0.22222222222222499,0.1875000000000029,615.0
0.20972222222222503,0.22222222222222499,0.1875000000000029,617.0
0.20972222222222503,0.22222222222222499,0.1875000000000029,619.0
0.20972222222222503,0.22222222222222499,0.1875000000000029,621.0
0.20972222222222503,0.22222222222222499,0.1875000000000029,623.0
0.20972222222222503,0.22222222222222499,0.1875000000000029,625.0
0.20972222222222503,0.22222222222222499,0.1875000000000029,627.0
0.20972222222222503,0.22222222222222499,0.1875000000000029,629.0
0.20972222222222503,0.22222222222222499,0.1875000000000029,631.0
0.20972222222222503,0.22222222222222499,0.1875000000000029,633.0
0.20972222222222503,0.22222222222222499,0.1875000000000029,635.0
0.20972222222222503,0.22222222222222499,0.1875000000000029,637.0
0.20972222222222503,0.22222222222222499,0.1875000000000029,639.0
0.20972222222222503,0.22222222222222499,0.1875000000000029,641.0
0.20972222222222503,0.22222222222222499,0.1875000000000029,643.0
0.20972222222222503,0.22222222222222499,0.1875000000000029,645.0
0.20972222222222503,0.22222222222222499,0.1875000000000029,647.0
0.20972222222222503,0.22222222222222499,0.1875000000000029,649.0
0.20972222222222503,0.22222222222222499,0.1875000000000029,651.0
0.20972222222222503,0.22222222222222499,0.1875000000000029,653.0
0.20972222222222503,0.22222222222222499,0.1875000000000029,655.0
0.20972222222222503,0.22222222222222499,0.1875000000000029,657.0
0.20972222222222503,0.22222222222222499,0.1875000000000029,659.0
0.20972222222222503,0.22222222222222499,0.1875000000000029,661.0
0.20972222222222503,0.22222222222222499,0.1875000000000029,663.0
0.20972222222222503,0.22222222222222499,0.1875000000000029,665.0
0.20972222222222503,0.22222222222222499,0.1875000000000029,667.0
0.20972222222222503,0.22222222222222499,0.1875000000000029,669.0
0.20972222222222503,0.22222222222222499,0.1875000000000029,671.0
0.20972222222222503,0.22222222222222499,0.1875000000000029,673.0
0.20972222222222503,0.22222222222222499,0.1875000000000029,675.0
0.20972222222222503,0.22222222222222499,0.1875000000000029,677.0
0.20972222222222503,0.22222222222222499,0.1875000000000029,679.0
0.20972222222222503,0.22222222222222499,0.1875000000000029,681.0
0.20972222222222503,0.22222222222222499,0.1875000000000029,683.0
0.20972222222222503,0.22222222222222499,0.1875000000000029,685.0
0.20972222222222503,0.22222222222222499,0.1875000000000029,687.0
0.20972222222222503,0.22222222222222499,0.1875000000000029,689.0
0.20972222222222503,0.22222222222222499,0.1875000000000029,691.0
0.20972222222222503,0.22222222222222499,0.1875000000000029,693.0
0.20972222222222503,0.22222222222222499,0.1875000000000029,695.0
0.20972222222222503,0.22222222222222499,0.1875000000000029,697.0
0.20972222222222503,0.22222222222222499,0.1875000000000029,699.0
0.20972222222222503,0.22222222222222499,0.1875000000000029,701.0
0.20972222222222503,0.22222222222222499,0.1875000000000029,703.0
0.20972222222222503,0.22222222222222499,0.1875000000000029,705.0
0.20972222222222503,0.22222222222222499,0.1875000000000029,707.0
0.20972222222222503,0.22222222222222499,0.1875000000000029,709.0
0.20972222222222503,0.22222222222222499,0.1875000000000029,711.0
0.20972222222222503,0.22222222222222499,0.1875000000000029,713.0
0.20972222222222503,0.22222222222222499,0.1875000000000029,715.0
0.20972222222222503,0.22222222222222499,0.1875000000000029,717.0
0.20972222222222503,0.22222222222222499,0.1875000000000029,719.0
0.20972222222222503,0.22222222222222499,0.1875000000000029,721.0
0.20972222222222503,0.22222222222222499,0.1875000000000029,723.0
0.20972222222222503,0.22222222222222499,0.1875000000000029,725.0
0.20972222222222503,0.22222222222222499,0.1875000000000029,727.0
0.20972222222222503,0.22222222222222499,0.1875000000000029,729.0
0.20972222222222503,0.22222222222222499,0.1875000000000029,731.0
0.20972222222222503,0.22222222222222499,0.1875000000000029,733.0
0.20972222222222503,0.22222222222222499,0.1875000000000029,735.0
0.20972222222222503,0.22222222222222499,0.1875000000000029,737.0
0.20972222222222503,0.22222222222222499,0.1875000000000029,739.0
0.20972222222222503,0.22222222222222499,0.1875000000000029,741.0
0.20972222222222503,0.22222222222222499,0.1875000000000029,743.0
0.20972222222222503,0.22222222222222499,0.1875000000000029,745.0
0.20972222222222503,0.22222222222222499,0.1875000000000029,747.0
0.20972222222222503,0.22222222222222499,0.1875000000000029,749.0
0.20972222222222503,0.22222222222222499,0.1875000000000029,751.0
0.20972222222222503,0.22222222222222499,0.1875000000000029,753.0
0.20972222222222503,0.22222222222222499,0.1875000000000029,755.0
0.20972222222222503,0.22222222222222499,0.1875000000000029,757.0
0.20972222222222503,0.22222222222222499,0.1875000000000029,759.0
0.20972222222222503,0.22222222222222499,0.1875000000000029,761.0
0.20972222222222503,0.22222222222222499,0.1875000000000029,763.0
0.20972222222222503,0.22222222222222499,0.1875000000000029,765.0
0.20972222222222503,0.22222222222222499,0.1875000000000029,767.0
0.20972222222222503,0.22222222222222499,0.1875000000000029,769.0
0.20972222222222503,0.22222222222222499,0.1875000000000029,771.0
0.20972222222222503,0.22222222222222499,0.1875000000000029,773.0
0.20972222222222503,0.22222222222222499,0.1875000000000029,775.0
0.20972222222222503,0.22222222222222499,0.1875000000000029,777.0
0.20972222222222503,0.22222222222222499,0.1875000000000029,779.0
0.20972222222222503,0.22222222222222499,0.1875000000000029,781.0
0.20972222222222503,0.22222222222222499,0.1875000000000029,783.0
0.20972222222222503,0.22222222222222499,0.1875000000000029,785.0
0.20972222222222503,0.22222222222222499,0.1875000000000029,787.0
0.20972222222222503,0.22222222222222499,0.1875000000000029,789.0
0.20972222222222503,0.22222222222222499,0.1875000000000029,791.0
0.20972222222222503,0.22222222222222499,0.1875000000000029,793.0
0.20972222222222503,0.22222222222222499,0.1875000000000029,795.0
0.20972222222222503,0.22222222222222499,0.1875000000000029,797.0
0.20972222222222503,0.22222222222222499,0.1875000000000029,799.0
0.20972222222222503,0.22222222222222499,0.1875000000000029,801.0
0.20972222222222503,0.22222222222222499,0.1875000000000029,803.0
0.20972222222222503,0.22222222222222499,0.1875000000000029,805.0
0.20972222222222503,0.22222222222222499,0.1875000000000029,807.0
0.20972222222222503,0.22222222222222499,0.1875000000000029,809.0
0.20972222222222503,0.22222222222222499,0.1875000000000029,811.0
0.20972222222222503,0.22222222222222499,0.1875000000000029,813.0
0.20972222222222503,0.22222222222222499,0.1875000000000029,815.0
0.20972222222222503,0.22222222222222499,0.1875000000000029,817.0
0.20972222222222503,0.22222222222222499,0.1875000000000029,819.0
0.20972222222222503,0.22222222222222499,0.1875000000000029,821.0
0.20972222222222503,0.22222222222222499,0.1875000000000029,823.0
0.20972222222222503,0.22222222222222499,0.1875000000000029,825.0
0.20972222222222503,0.22222222222222499,0.1875000000000029,827.0
0.20972222222222503,0.22222222222222499,0.1875000000000029,829.0
0.20972222222222503,0.22222222222222499,0.1875000000000029,831.0
0.20972222222222503,0.22222222222222499,0.1875000000000029,833.0
0.20972222222222503,0.22222222222222499,0.1875000000000029,835.0
0.20972222222222503,0.22222222222222499,0.1875000000000029,837.0
0.20972222222222503,0.22222222222222499,0.1875000000000029,839.0
0.20972222222222503,0.22222222222222499,0.1875000000000029,841.0
0.20972222222222503,0.22222222222222499,0.1875000000000029,843.0
0.20972222222222503,0.22222222222222499,0.1875000000000029,845.0
0.20972222222222503,0.22222222222222499,0.1875000000000029,847.0
0.20972222222222503,0.22222222222222499,0.1875000000000029,849.0
0.20972222222222503,0.22222222222222499,0.1875000000000029,851.0
0.20972222222222503,0.22222222222222499,0.1875000000000029,853.0
0.20972222222222503,0.22222222222222499,0.1875000000000029,855.0
0.20972222222222503,0.22222222222222499,0.1875000000000029,857.0
0.20972222222222503,0.22222222222222499,0.1875000000000029,859.0
0.20972222222222503,0.22222222222222499,0.1875000000000029,861.0
0.20972222222222503,0.22222222222222499,0.1875000000000029,863.0
0.20972222222222503,0.22222222222222499,0.1875000000000029,865.0
0.20972222222222503,0.22222222222222499,0.1875000000000029,867.0
0.20972222222222503,0.22222222222222499,0.1875000000000029,869.0
0.20972222222222503,0.22222222222222499,0.1875000000000029,871.0
0.20972222222222503,0.22222222222222499,0.1875000000000029,873.0
0.20972222222222503,0.22222222222222499,0.1875000000000029,875.0
0.20972222222222503,0.22222222222222499,0.1875000000000029,877.0
0.20972222222222503,0.22222222222222499,0.1875000000000029,879.0
0.20972222222222503,0.22222222222222499,0.1875000000000029,881.0
0.20972222222222503,0.22222222222222499,0.1875000000000029,883.0
0.20972222222222503,0.22222222222222499,0.1875000000000029,885.0
0.20972222222222503,0.22222222222222499,0.1875000000000029,887.0
0.20972222222222503,0.22222222222222499,0.1875000000000029,889.0
0.20972222222222503,0.22222222222222499,0.1875000000000029,891.0
0.20972222222222503,0.22222222222222499,0.1875000000000029,893.0
0.20972222222222503,0.22222222222222499,0.1875000000000029,895.0
0.20972222222222503,0.22222222222222499,0.1875000000000029,897.0
0.20972222222222503,0.22222222222222499,0.1875000000000029,899.0
0.20972222222222503,0.22222222222222499,0.1875000000000029,901.0
0.20972222222222503,0.22222222222222499,0.1875000000000029,903.0
0.20972222222222503,0.22222222222222499,0.1875000000000029,905.0
0.20972222222222503,0.22222222222222499,0.1875000000000029,907.0
0.20972222222222503,0.22222222222222499,0.1875000000000029,909.0
0.20972222222222503,0.22222222222222499,0.1875000000000029,911.0
0.20972222222222503,0.22222222222222499,0.1875000000000029,913.0
0.20972222222222503,0.22222222222222499,0.1875000000000029,915.0
0.20972222222222503,0.22222222222222499,0.1875000000000029,917.0
0.20972222222222503,0.22222222222222499,0.1875000000000029,919.0
0.20972222222222503,0.22222222222222499,0.1875000000000029,921.0
0.20972222222222503,0.22222222222222499,0.1875000000000029,923.0
0.20972222222222503,0.22222222222222499,0.1875000000000029,925.0
0.20972222222222503,0.22222222222222499,0.1875000000000029,927.0
0.20972222222222503,0.22222222222222499,0.1875000000000029,929.0
0.20972222222222503,0.22222222222222499,0.1875000000000029,931.0
0.20972222222222503,0.22222222222222499,0.1875000000000029,933.0
0.20972222222222503,0.22222222222222499,0.1875000000000029,935.0
0.20972222222222503,0.22222222222222499,0.1875000000000029,937.0
0.20972222222222503,0.22222222222222499,0.1875000000000029,939.0
0.20972222222222503,0.22222222222222499,0.1875000000000029,941.0
0.20972222222222503,0.22222222222222499,0.1875000000000029,943.0
0.20972222222222503,0.22222222222222499,0.1875000000000029,945.0
0.20972222222222503,0.22222222222222499,0.1875000000000029,947.0
0.20972222222222503,0.22222222222222499,0.1875000000000029,949.0
0.20972222222222503,0.22222222222222499,0.1875000000000029,951.0
0.20972222222222503,0.22222222222222499,0.1875000000000029,953.0
0.20972222222222503,0.22222222222222499,0.1875000000000029,955.0
0.20972222222222503,0.22222222222222499,0.1875000000000029,957.0
0.20972222222222503,0.22222222222222499,0.1875000000000029,959.0
0.20972222222222503,0.22222222222222499,0.1875000000000029,961.0
0.20972222222222503,0.22222222222222499,0.1875000000000029,963.0
0.20972222222222503,0.22222222222222499,0.1875000000000029,965.0
0.20972222222222503,0.22222222222222499,0.1875000000000029,967.0
0.20972222222222503,0.22222222222222499,0.1875000000000029,969.0
0.20972222222222503,0.22222222222222499,0.1875000000000029,971.0
0.20972222222222503,0.22222222222222499,0.1875000000000029,973.0
0.20972222222222503,0.22222222222222499,0.1875000000000029,975.0
0.20972222222222503,0.22222222222222499,0.1875000000000029,977.0
0.20972222222222503,0.22222222222222499,0.1875000000000029,979.0
0.20972222222222503,0.22222222222222499,0.1875000000000029,981.0
0.20972222222222503,0.22222222222222499,0.1875000000000029,983.0
0.20972222222222503,0.22222222222222499,0.1875000000000029,985.0
0.20972222222222503,0.22222222222222499,0.1875000000000029,987.0
0.20972222222222503,0.22222222222222499,0.1875000000000029,989.0
0.20972222222222503,0.22222222222222499,0.1875000000000029,991.0
0.20972222222222503,0.22222222222222499,0.1875000000000029,993.0
0.20972222222222503,0.22222222222222499,0.1875000000000029,995.0
0.20972222222222503,0.22222222222222499,0.1875000000000029,997.0
0.20972222222222503,0.22222222222222499,0.1875000000000029,999.0
0.20972222222222503,0.22222222222222499,0.1875000000000029,1001.0
0.20972222222222503,0.22222222222222499,0.1875000000000029,1003.0
0.20972222222222503,0.22222222222222499,0.1875000000000029,1005.0
0.20972222222222503,0.22222222222222499,0.1875000000000029,1007.0
0.20972222222222503,0.22222222222222499,0.1875000000000029,1009.0
0.20972222222222503,0.22222222222222499,0.1875000000000029,1011.0
0.20972222222222503,0.22222222222222499,0.1875000000000029,1013.0
0.20972222222222503,0.22222222222222499,0.1875000000000029,1015.0
0.20972222222222503,0.22222222222222499,0.1875000000000029,1017.0
0.20972222222222503,0.22222222222222499,0.1875000000000029,1019.0
0.20972222222222503,0.22222222222222499,0.1875000000000029,1021.0
0.20972222222222503,0.22222222222222499,0.1875000000000029,1023.0
0.20972222222222503,0.22222222222222499,0.1875000000000029,1025.0
0.20972222222222503,0.22222222222222499,0.1875000000000029,1027.0
0.20972222222222503,0.22222222222222499,0.1875000000000029,1029.0
0.20972222222222503,0.22222222222222499,0.1875000000000029,1031.0
0.20972222222222503,0.22222222222222499,0.1875000000000029,1033.0
0.20972222222222503,0.22222222222222499,0.1875000000000029,1035.0
0.20972222222222503,0.22222222222222499,0.1875000000000029,1037.0
0.20972222222222503,0.22222222222222499,0.1875000000000029,1039.0
0.20972222222222503,0.22222222222222499,0.1875000000000029,1041.0
0.20972222222222503,0.22222222222222499,0.1875000000000029,1043.0
0.20972222222222503,0.22222222222222499,0.1875000000000029,1045.0
0.20972222222222503,0.22222222222222499,0.1875000000000029,1047.0
0.20972222222222503,0.22222222222222499,0.1875000000000029,1049.0
0.20972222222222503,0.22222222222222499,0.1875000000000029,1051.0
0.20972222222222503,0.22222222222222499,0.1875000000000029,1053.0
0.20972222222222503,0.22222222222222499,0.1875000000000029,1055.0
0.20972222222222503,0.22222222222222499,0.1875000000000029,1057.0
0.20972222222222503,0.22222222222222499,0.1875000000000029,1059.0
0.20972222222222503,0.22222222222222499,0.1875000000000029,1061.0
0.20972222222222503,0.22222222222222499,0.1875000000000029,1063.0
0.20972222222222503,0.22222222222222499,0.1875000000000029,1065.0
0.20972222222222503,0.22222222222222499,0.1875000000000029,1067.0
0.20972222222222503,0.22222222222222499,0.1875000000000029,1069.0
0.20972222222222503,0.22222222222222499,0.1875000000000029,1071.0
0.20972222222222503,0.22222222222222499,0.1875000000000029,1073.0
0.20972222222222503,0.22222222222222499,0.1875000000000029,1075.0
0.20972222222222503,0.22222222222222499,0.1875000000000029,1077.0
0.20972222222222503,0.22222222222222499,0.1875000000000029,1079.0
0.20972222222222503,0.22222222222222499,0.1875000000000029,1081.0
0.20972222222222503,0.22222222222222499,0.1875000000000029,1083.0
0.20972222222222503,0.22222222222222499,0.1875000000000029,1085.0
0.20972222222222503,0.22222222222222499,0.1875000000000029,1087.0
0.20972222222222503,0.22222222222222499,0.1875000000000029,1089.0
0.20972222222222503,0.22222222222222499,0.1875000000000029,1091.0
0.20972222222222503,0.22222222222222499,0.1875000000000029,1093.0
0.20972222222222503,0.22222222222222499,0.1875000000000029,1095.0
0.20972222222222503,0.22222222222222499,0.1875000000000029,1097.0
0.20972222222222503,0.22222222222222499,0.1875000000000029,1099.0
0.20972222222222503,0.22222222222222499,0.1875000000000029,1101.0
0.20972222222222503,0.22222222222222499,0.1875000000000029,1103.0
0.20972222222222503,0.22222222222222499,0.1875000000000029,1105.0
0.20972222222222503,0.22222222222222499,0.1875000000000029,1107.0
0.20972222222222503,0.22222222222222499,0.1875000000000029,1109.0
0.20972222222222503,0.22222222222222499,0.1875000000000029,1111.0
0.20972222222222503,0.22222222222222499,0.1875000000000029,1113.0
0.20972222222222503,0.22222222222222499,0.1875000000000029,1115.0
0.20972222222222503,0.22222222222222499,0.1875000000000029,1117.0
0.20972222222222503,0.22222222222222499,0.1875000000000029,1119.0
0.20972222222222503,0.22222222222222499,0.1875000000000029,1121.0
0.20972222222222503,0.22222222222222499,0.1875000000000029,1123.0
0.20972222222222503,0.22222222222222499,0.1875000000000029,1125.0
0.20972222222222503,0.22222222222222499,0.1875000000000029,1127.0
0.20972222222222503,0.22222222222222499,0.1875000000000029,1129.0
0.20972222222222503,0.22222222222222499,0.1875000000000029,1131.0
0.20972222222222503,0.22222222222222499,0.1875000000000029,1133.0
0.20972222222222503,0.22222222222222499,0.1875000000000029,1135.0
0.20972222222222503,0.22222222222222499,0.1875000000000029,1137.0
0.20972222222222503,0.22222222222222499,0.1875000000000029,1139.0
0.20972222222222503,0.22222222222222499,0.1875000000000029,1141.0
0.20972222222222503,0.22222222222222499,0.1875000000000029,1143.0
0.20972222222222503,0.22222222222222499,0.1875000000000029,1145.0
0.20972222222222503,0.22222222222222499,0.1875000000000029,1147.0
0.20972222222222503,0.22222222222222499,0.1875000000000029,1149.0
0.20972222222222503,0.22222222222222499,0.1875000000000029,1151.0
0.20972222222222503,0.22222222222222499,0.1875000000000029,1153.0
0.20972222222222503,0.22222222222222499,0.1875000000000029,1155.0
0.20972222222222503,0.22222222222222499,0.1875000000000029,1157.0
0.20972222222222503,0.22222222222222499,0.1875000000000029,1159.0
0.20972222222222503,0.22222222222222499,0.1875000000000029,1161.0
0.20972222222222503,0.22222222222222499,0.1875000000000029,1163.0
0.20972222222222503,0.22222222222222499,0.1875000000000029,1165.0
0.20972222222222503,0.22222222222222499,0.1875000000000029,1167.0
0.20972222222222503,0.22222222222222499,0.1875000000000029,1169.0
0.20972222222222503,0.22222222222222499,0.1875000000000029,1171.0
0.20972222222222503,0.22222222222222499,0.1875000000000029,1173.0
0.20972222222222503,0.22222222222222499,0.1875000000000029,1175.0
0.20972222222222503,0.22222222222222499,0.1875000000000029,1177.0
0.20972222222222503,0.22222222222222499,0.1875000000000029,1179.0
0.20972222222222503,0.22222222222222499,0.1875000000000029,1181.0
0.20972222222222503,0.22222222222222499,0.1875000000000029,1183.0
0.20972222222222503,0.22222222222222499,0.1875000000000029,1185.0
0.20972222222222503,0.22222222222222499,0.1875000000000029,1187.0
0.20972222222222503,0.22222222222222499,0.1875000000000029,1189.0
0.20972222222222503,0.22222222222222499,0.1875000000000029,1191.0
0.20972222222222503,0.22222222222222499,0.1875000000000029,1193.0
0.20972222222222503,0.22222222222222499,0.1875000000000029,1195.0
0.20972222222222503,0.22222222222222499,0.1875000000000029,1197.0
0.20972222222222503,0.22222222222222499,0.1875000000000029,1199.0
0.20972222222222503,0.22222222222222499,0.1875000000000029,1201.0
0.20972222222222503,0.22222222222222499,0.1875000000000029,1203.0
0.20972222222222503,0.22222222222222499,0.1875000000000029,1205.0
0.20972222222222503,0.22222222222222499,0.1875000000000029,1207.0
0.20972222222222503,0.22222222222222499,0.1875000000000029,1209.0
0.20972222222222503,0.22222222222222499,0.1875000000000029,1211.0
0.20972222222222503,0.22222222222222499,0.1875000000000029,1213.0
0.20972222222222503,0.22222222222222499,0.1875000000000029,1215.0
0.20972222222222503,0.22222222222222499,0.1875000000000029,1217.0
0.20972222222222503,0.22222222222222499,0.1875000000000029,1219.0
0.20972222222222503,0.22222222222222499,0.1875000000000029,1221.0
0.20972222222222503,0.22222222222222499,0.1875000000000029,1223.0
0.20972222222222503,0.22222222222222499,0.1875000000000029,1225.0
0.20972222222222503,0.22222222222222499,0.1875000000000029,1227.0
0.20972222222222503,0.22222222222222499,0.1875000000000029,1229.0
0.20972222222222503,0.22222222222222499,0.1875000000000029,1231.0
0.20972222222222503,0.22222222222222499,0.1875000000000029,1233.0
0.20972222222222503,0.22222222222222499,0.1875000000000029,1235.0
0.20972222222222503,0.22222222222222499,0.1875000000000029,1237.0
0.20972222222222503,0.22222222222222499,0.1875000000000029,1239.0
0.20972222222222503,0.22222222222222499,0.1875000000000029,1241.0
0.20972222222222503,0.22222222222222499,0.1875000000000029,1243.0
0.20972222222222503,0.22222222222222499,0.1875000000000029,1245.0
0.20972222222222503,0.22222222222222499,0.1875000000000029,1247.0
0.20972222222222503,0.22222222222222499,0.1875000000000029,1249.0
0.20972222222222503,0.22222222222222499,0.1875000000000029,1251.0
0.20972222222222503,0.22222222222222499,0.1875000000000029,1253.0
0.20972222222222503,0.22222222222222499,0.1875000000000029,1255.0
0.20972222222222503,0.22222222222222499,0.1875000000000029,1257.0
0.20972222222222503,0.22222222222222499,0.1875000000000029,1259.0
0.20972222222222503,0.22222222222222499,0.1875000000000029,1261.0
0.20972222222222503,0.22222222222222499,0.1875000000000029,1263.0
0.20972222222222503,0.22222222222222499,0.1875000000000029,1265.0
0.20972222222222503,0.22222222222222499,0.1875000000000029,1267.0
0.20972222222222503,0.22222222222222499,0.1875000000000029,1269.0
0.20972222222222503,0.22222222222222499,0.1875000000000029,1271.0
0.20972222222222503,0.22222222222222499,0.1875000000000029,1273.0
0.20972222222222503,0.22222222222222499,0.1875000000000029,1275.0
0.20972222222222503,0.22222222222222499,0.1875000000000029,1277.0
0.20972222222222503,0.22222222222222499,0.1875000000000029,1279.0
0.20972222222222503,0.22222222222222499,0.1875000000000029,1281.0
0.20972222222222503,0.22222222222222499,0.1875000000000029,1283.0
0.20972222222222503,0.22222222222222499,0.1875000000000029,1285.0
0.20972222222222503,0.22222222222222499,0.1875000000000029,1287.0
0.20972222222222503,0.22222222222222499,0.1875000000000029,1289.0
0.20972222222222503,0.22222222222222499,0.1875000000000029,1291.0
0.20972222222222503,0.22222222222222499,0.1875000000000029,1293.0
0.20972222222222503,0.22222222222222499,0.1875000000000029,1295.0
0.20972222222222503,0.22222222222222499,0.1875000000000029,1297.0
0.20972222222222503,0.22222222222222499,0.1875000000000029,1299.0
0.20972222222222503,0.22222222222222499,0.1875000000000029,1301.0
0.20972222222222503,0.22222222222222499,0.1875000000000029,1303.0
0.20972222222222503,0.22222222222222499,0.1875000000000029,1305.0
0.20972222222222503,0.22222222222222499,0.1875000000000029,1307.0
0.20972222222222503,0.22222222222222499,0.1875000000000029,1309.0
0.20972222222222503,0.22222222222222499,0.1875000000000029,1311.0
0.20972222222222503,0.22222222222222499,0.1875000000000029,1313.0
0.20972222222222503,0.22222222222222499,0.1875000000000029,1315.0
0.20972222222222503,0.22222222222222499,0.1875000000000029,1317.0
0.20972222222222503,0.22222222222222499,0.1875000000000029,1319.0
0.20972222222222503,0.22222222222222499,0.1875000000000029,1321.0
0.20972222222222503,0.22222222222222499,0.1875000000000029,1323.0
0.20972222222222503,0.22222222222222499,0.1875000000000029,1325.0
0.20972222222222503,0.22222222222222499,0.1875000000000029,1327.0
0.20972222222222503,0.22222222222222499,0.1875000000000029,1329.0
0.20972222222222503,0.22222222222222499,0.1875000000000029,1331.0
0.20972222222222503,0.22222222222222499,0.1875000000000029,1333.0
0.20972222222222503,0.22222222222222499,0.1875000000000029,1335.0
0.20972222222222503,0.22222222222222499,0.1875000000000029,1337.0
0.20972222222222503,0.22222222222222499,0.1875000000000029,1339.0
0.20972222222222503,0.22222222222222499,0.1875000000000029,1341.0
0.20972222222222503,0.22222222222222499,0.1875000000000029,1343.0
0.20972222222222503,0.22222222222222499,0.1875000000000029,1345.0
0.20972222222222503,0.22222222222222499,0.1875000000000029,1347.0
0.20972222222222503,0.22222222222222499,0.1875000000000029,1349.0
0.20972222222222503,0.22222222222222499,0.1875000000000029,1351.0
0.20972222222222503,0.22222222222222499,0.1875000000000029,1353.0
0.20972222222222503,0.22222222222222499,0.1875000000000029,1355.0
0.20972222222222503,0.22222222222222499,0.1875000000000029,1357.0
0.20972222222222503,0.22222222222222499,0.1875000000000029,1359.0
0.20972222222222503,0.22222222222222499,0.1875000000000029,1361.0
0.20972222222222503,0.22222222222222499,0.1875000000000029,1363.0
0.20972222222222503,0.22222222222222499,0.1875000000000029,1365.0
0.20972222222222503,0.22222222222222499,0.1875000000000029,1367.0
0.20972222222222503,0.22222222222222499,0.1875000000000029,1369.0
0.20972222222222503,0.22222222222222499,0.1875000000000029,1371.0
0.20972222222222503,0.22222222222222499,0.1875000000000029,1373.0
0.20972222222222503,0.22222222222222499,0.1875000000000029,1375.0
0.20972222222222503,0.22222222222222499,0.1875000000000029,1377.0
0.20972222222222503,0.22222222222222499,0.1875000000000029,1379.0
0.20972222222222503,0.22222222222222499,0.1875000000000029,1381.0
0.20972222222222503,0.22222222222222499,0.1875000000000029,1383.0
0.20972222222222503,0.22222222222222499,0.1875000000000029,1385.0
0.20972222222222503,0.22222222222222499,0.1875000000000029,1387.0
0.20972222222222503,0.22222222222222499,0.1875000000000029,1389.0
0.20972222222222503,0.22222222222222499,0.1875000000000029,1391.0
0.20972222222222503,0.22222222222222499,0.1875000000000029,1393.0
0.20972222222222503,0.22222222222222499,0.1875000000000029,1395.0
0.20972222222222503,0.22222222222222499,0.1875000000000029,1397.0
0.20972222222222503,0.22222222222222499,0.1875000000000029,1399.0
0.20972222222222503,0.22222222222222499,0.1875000000000029,1401.0
0.20972222222222503,0.22222222222222499,0.1875000000000029,1403.0
0.20972222222222503,0.22222222222222499,0.1875000000000029,1405.0
0.20972222222222503,0.22222222222222499,0.1875000000000029,1407.0
0.20972222222222503,0.22222222222222499,0.1875000000000029,1409.0
0.20972222222222503,0.22222222222222499,0.1875000000000029,1411.0
0.20972222222222503,0.22222222222222499,0.1875000000000029,1413.0
0.20972222222222503,0.22222222222222499,0.1875000000000029,1415.0
0.20972222222222503,0.22222222222222499,0.1875000000000029,1417.0
0.20972222222222503,0.22222222222222499,0.1875000000000029,1419.0
0.20972222222222503,0.22222222222222499,0.1875000000000029,1421.0
0.20972222222222503,0.22222222222222499,0.1875000000000029,1423.0
0.20972222222222503,0.22222222222222499,0.1875000000000029,1425.0
0.20972222222222503,0.22222222222222499,0.1875000000000029,1427.0
0.20972222222222503,0.22222222222222499,0.1875000000000029,1429.0
0.20972222222222503,0.22222222222222499,0.1875000000000029,1431.0
0.20972222222222503,0.22222222222222499,0.1875000000000029,1433.0
0.20972222222222503,0.22222222222222499,0.1875000000000029,1435.0
0.20972222222222503,0.22222222222222499,0.1875000000000029,1437.0
0.20972222222222503,0.22222222222222499,0.1875000000000029,1439.0
0.20972222222222503,0.22222222222222499,0.1875000000000029,1441.0
0.20972222222222503,0.22222222222222499,0.1875000000000029,1443.0
0.20972222222222503,0.22222222222222499,0.1875000000000029,1445.0
0.20972222222222503,0.22222222222222499,0.1875000000000029,1447.0
0.20972222222222503,0.22222222222222499,0.1875000000000029,1449.0
0.20972222222222503,0.22222222222222499,0.1875000000000029,1451.0
0.20972222222222503,0.22222222222222499,0.1875000000000029,1453.0
0.20972222222222503,0.22222222222222499,0.1875000000000029,1455.0
0.20972222222222503,0.22222222222222499,0.1875000000000029,1457.0
0.20972222222222503,0.22222222222222499,0.1875000000000029,1459.0
0.20972222222222503,0.22222222222222499,0.1875000000000029,1461.0
0.20972222222222503,0.22222222222222499,0.1875000000000029,1463.0
0.20972222222222503,0.22222222222222499,0.1875000000000029,1465.0
0.20972222222222503,0.22222222222222499,0.1875000000000029,1467.0
0.20972222222222503,0.22222222222222499,0.1875000000000029,1469.0
0.20972222222222503,0.22222222222222499,0.1875000000000029,1471.0
0.20972222222222503,0.22222222222222499,0.1875000000000029,1473.0
0.20972222222222503,0.22222222222222499,0.1875000000000029,1475.0
0.20972222222222503,0.22222222222222499,0.1875000000000029,1477.0
0.20972222222222503,0.22222222222222499,0.1875000000000029,1479.0
0.20972222222222503,0.22222222222222499,0.1875000000000029,1481.0
0.20972222222222503,0.22222222222222499,0.1875000000000029,1483.0
0.20972222222222503,0.22222222222222499,0.1875000000000029,1485.0
0.20972222222222503,0.22222222222222499,0.1875000000000029,1487.0
0.20972222222222503,0.22222222222222499,0.1875000000000029,1489.0
0.20972222222222503,0.22222222222222499,0.1875000000000029,1491.0
0.20972222222222503,0.22222222222222499,0.1875000000000029,1493.0
0.20972222222222503,0.22222222222222499,0.1875000000000029,1495.0
0.20972222222222503,0.22222222222222499,0.1875000000000029,1497.0
0.20972222222222503,0.22222222222222499,0.1875000000000029,1499.0
0.20972222222222503,0.22222222222222499,0.1875000000000029,1501.0
0.20972222222222503,0.22222222222222499,0.1875000000000029,1503.0
0.20972222222222503,0.22222222222222499,0.1875000000000029,1505.0
0.20972222222222503,0.22222222222222499,0.1875000000000029,1507.0
0.20972222222222503,0.22222222222222499,0.1875000000000029,1509.0
0.20972222222222503,0.22222222222222499,0.1875000000000029,1511.0
0.20972222222222503,0.22222222222222499,0.1875000000000029,1513.0
0.20972222222222503,0.22222222222222499,0.1875000000000029,1515.0
0.20972222222222503,0.22222222222222499,0.1875000000000029,1517.0
0.20972222222222503,0.22222222222222499,0.1875000000000029,1519.0
0.20972222222222503,0.22222222222222499,0.1875000000000029,1521.0
0.20972222222222503,0.22222222222222499,0.1875000000000029,1523.0
0.20972222222222503,0.22222222222222499,0.1875000000000029,1525.0
0.20972222222222503,0.22222222222222499,0.1875000000000029,1527.0
0.20972222222222503,0.22222222222222499,0.1875000000000029,1529.0
0.20972222222222503,0.22222222222222499,0.1875000000000029,1531.0
0.20972222222222503,0.22222222222222499,0.1875000000000029,1533.0
0.20972222222222503,0.22222222222222499,0.1875000000000029,1535.0
0.20972222222222503,0.22222222222222499,0.1875000000000029,1537.0
0.20972222222222503,0.22222222222222499,0.1875000000000029,1539.0
0.20972222222222503,0.22222222222222499,0.1875000000000029,1541.0
0.20972222222222503,0.22222222222222499,0.1875000000000029,1543.0
0.20972222222222503,0.22222222222222499,0.1875000000000029,1545.0
0.20972222222222503,0.22222222222222499,0.1875000000000029,1547.0
0.20972222222222503,0.22222222222222499,0.1875000000000029,1549.0
0.20972222222222503,0.22222222222222499,0.1875000000000029,1551.0
0.20972222222222503,0.22222222222222499,0.1875000000000029,1553.0
0.20972222222222503,0.22222222222222499,0.1875000000000029,1555.0
0.20972222222222503,0.22222222222222499,0.1875000000000029,1557.0
0.20972222222222503,0.22222222222222499,0.1875000000000029,1559.0
0.20972222222222503,0.22222222222222499,0.1875000000000029,1561.0
0.20972222222222503,0.22222222222222499,0.1875000000000029,1563.0
0.20972222222222503,0.22222222222222499,0.1875000000000029,1565.0
0.20972222222222503,0.22222222222222499,0.1875000000000029,1567.0
0.20972222222222503,0.22222222222222499,0.1875000000000029,1569.0
0.20972222222222503,0.22222222222222499,0.1875000000000029,1571.0
0.20972222222222503,0.22222222222222499,0.1875000000000029,1573.0
0.20972222222222503,0.22222222222222499,0.1875000000000029,1575.0
0.20972222222222503,0.22222222222222499,0.1875000000000029,1577.0
0.20972222222222503,0.22222222222222499,0.1875000000000029,1579.0
0.20972222222222503,0.22222222222222499,0.1875000000000029,1581.0
0.20972222222222503,0.22222222222222499,0.1875000000000029,1583.0
0.20972222222222503,0.22222222222222499,0.1875000000000029,1585.0
0.20972222222222503,0.22222222222222499,0.1875000000000029,1587.0
0.20972222222222503,0.22222222222222499,0.1875000000000029,1589.0
0.20972222222222503,0.22222222222222499,0.1875000000000029,1591.0
0.20972222222222503,0.22222222222222499,0.1875000000000029,1593.0
0.20972222222222503,0.22222222222222499,0.1875000000000029,1595.0
0.20972222222222503,0.22222222222222499,0.1875000000000029,1597.0
0.20972222222222503,0.22222222222222499,0.1875000000000029,1599.0
0.20972222222222503,0.22222222222222499,0.1875000000000029,1601.0
0.20972222222222503,0.22222222222222499,0.1875000000000029,1603.0
0.20972222222222503,0.22222222222222499,0.1875000000000029,1605.0
0.20972222222222503,0.22222222222222499,0.1875000000000029,1607.0
0.20972222222222503,0.22222222222222499,0.1875000000000029,1609.0
0.20972222222222503,0.22222222222222499,0.1875000000000029,1611.0
0.20972222222222503,0.22222222222222499,0.1875000000000029,1613.0
0.20972222222222503,0.22222222222222499,0.1875000000000029,1615.0
0.20972222222222503,0.22222222222222499,0.1875000000000029,1617.0
0.20972222222222503,0.22222222222222499,0.1875000000000029,1619.0
0.20972222222222503,0.22222222222222499,0.1875000000000029,1621.0
0.20972222222222503,0.22222222222222499,0.1875000000000029,1623.0
0.20972222222222503,0.22222222222222499,0.1875000000000029,1625.0
0.20972222222222503,0.22222222222222499,0.1875000000000029,1627.0
0.20972222222222503,0.22222222222222499,0.1875000000000029,1629.0
0.20972222222222503,0.22222222222222499,0.1875000000000029,1631.0
0.20972222222222503,0.22222222222222499,0.1875000000000029,1633.0
0.20972222222222503,0.22222222222222499,0.1875000000000029,1635.0
0.20972222222222503,0.22222222222222499,0.1875000000000029,1637.0
0.20972222222222503,0.22222222222222499,0.1875000000000029,1639.0
0.20972222222222503,0.22222222222222499,0.1875000000000029,1641.0
0.20972222222222503,0.22222222222222499,0.1875000000000029,1643.0
0.20972222222222503,0.22222222222222499,0.1875000000000029,1645.0
0.20972222222222503,0.22222222222222499,0.1875000000000029,1647.0
0.20972222222222503,0.22222222222222499,0.1875000000000029,1649.0
0.20972222222222503,0.22222222222222499,0.1875000000000029,1651.0
0.20972222222222503,0.22222222222222499,0.1875000000000029,1653.0
0.20972222222222503,0.22222222222222499,0.1875000000000029,1655.0
0.20972222222222503,0.22222222222222499,0.1875000000000029,1657.0
0.20972222222222503,0.22222222222222499,0.1875000000000029,1659.0
0.20972222222222503,0.22222222222222499,0.1875000000000029,1661.0
0.20972222222222503,0.22222222222222499,0.1875000000000029,1663.0
0.20972222222222503,0.22222222222222499,0.1875000000000029,1665.0
0.20972222222222503,0.22222222222222499,0.1875000000000029,1667.0
0.20972222222222503,0.22222222222222499,0.1875000000000029,1669.0
0.20972222222222503,0.22222222222222499,0.1875000000000029,1671.0
0.20972222222222503,0.22222222222222499,0.1875000000000029,1673.0
0.20972222222222503,0.22222222222222499,0.1875000000000029,1675.0
0.20972222222222503,0.22222222222222499,0.1875000000000029,1677.0
0.20972222222222503,0.22222222222222499,0.1875000000000029,1679.0
0.20972222222222503,0.22222222222222499,0.1875000000000029,1681.0
0.20972222222222503,0.22222222222222499,0.1875000000000029,1683.0
0.20972222222222503,0.22222222222222499,0.1875000000000029,1685.0
0.20972222222222503,0.22222222222222499,0.1875000000000029,1687.0
0.20972222222222503,0.22222222222222499,0.1875000000000029,1689.0
0.20972222222222503,0.22222222222222499,0.1875000000000029,1691.0
0.20972222222222503,0.22222222222222499,0.1875000000000029,1693.0
0.20972222222222503,0.22222222222222499,0.1875000000000029,1695.0
0.20972222222222503,0.22222222222222499,0.1875000000000029,1697.0
0.20972222222222503,0.22222222222222499,0.1875000000000029,1699.0
0.20972222222222503,0.22222222222222499,0.1875000000000029,1701.0
0.20972222222222503,0.22222222222222499,0.1875000000000029,1703.0
0.20972222222222503,0.22222222222222499,0.1875000000000029,1705.0
0.20972222222222503,0.22222222222222499,0.1875000000000029,1707.0
0.20972222222222503,0.22222222222222499,0.1875000000000029,1709.0
0.20972222222222503,0.22222222222222499,0.1875000000000029,1711.0
0.20972222222222503,0.22222222222222499,0.1875000000000029,1713.0
0.20972222222222503,0.22222222222222499,0.1875000000000029,1715.0
0.20972222222222503,0.22222222222222499,0.1875000000000029,1717.0
0.20972222222222503,0.22222222222222499,0.1875000000000029,1719.0
0.20972222222222503,0.22222222222222499,0.1875000000000029,1721.0
0.20972222222222503,0.22222222222222499,0.1875000000000029,1723.0
0.20972222222222503,0.22222222222222499,0.1875000000000029,1725.0
0.20972222222222503,0.22222222222222499,0.1875000000000029,1727.0
0.20972222222222503,0.22222222222222499,0.1875000000000029,1729.0
0.20972222222222503,0.22222222222222499,0.1875000000000029,1731.0
0.20972222222222503,0.22222222222222499,0.1875000000000029,1733.0
0.20972222222222503,0.22222222222222499,0.1875000000000029,1735.0
0.20972222222222503,0.22222222222222499,0.1875000000000029,1737.0
0.20972222222222503,0.22222222222222499,0.1875000000000029,1739.0
0.20972222222222503,0.22222222222222499,0.1875000000000029,1741.0
0.20972222222222503,0.22222222222222499,0.1875000000000029,1743.0
0.20972222222222503,0.22222222222222499,0.1875000000000029,1745.0
0.20972222222222503,0.22222222222222499,0.1875000000000029,1747.0
0.20972222222222503,0.22222222222222499,0.1875000000000029,1749.0
0.20972222222222503,0.22222222222222499,0.1875000000000029,1751.0
0.20972222222222503,0.22222222222222499,0.1875000000000029,1753.0
0.20972222222222503,0.22222222222222499,0.1875000000000029,1755.0
0.20972222222222503,0.22222222222222499,0.1875000000000029,1757.0
0.20972222222222503,0.22222222222222499,0.1875000000000029,1759.0
0.20972222222222503,0.22222222222222499,0.1875000000000029,1761.0
0.20972222222222503,0.22222222222222499,0.1875000000000029,1763.0
0.20972222222222503,0.22222222222222499,0.1875000000000029,1765.0
0.20972222222222503,0.22222222222222499,0.1875000000000029,1767.0
0.20972222222222503,0.22222222222222499,0.1875000000000029,1769.0
0.20972222222222503,0.22222222222222499,0.1875000000000029,1771.0
0.20972222222222503,0.22222222222222499,0.1875000000000029,1773.0
0.20972222222222503,0.22222222222222499,0.1875000000000029,1775.0
0.20972222222222503,0.22222222222222499,0.1875000000000029,1777.0
0.20972222222222503,0.22222222222222499,0.1875000000000029,1779.0
0.20972222222222503,0.22222222222222499,0.1875000000000029,1781.0
0.20972222222222503,0.22222222222222499,0.1875000000000029,1783.0
0.20972222222222503,0.22222222222222499,0.1875000000000029,1785.0
0.20972222222222503,0.22222222222222499,0.1875000000000029,1787.0
0.20972222222222503,0.22222222222222499,0.1875000000000029,1789.0
0.20972222222222503,0.22222222222222499,0.1875000000000029,1791.0
0.20972222222222503,0.22222222222222499,0.1875000000000029,1793.0
0.20972222222222503,0.22222222222222499,0.1875000000000029,1795.0
0.20972222222222503,0.22222222222222499,0.1875000000000029,1797.0
0.20972222222222503,0.22222222222222499,0.1875000000000029,1799.0
0.20972222222222503,0.22222222222222499,0.1875000000000029,1801.0
0.20972222222222503,0.22222222222222499,0.1875000000000029,1803.0
